1.00;0.000000,0.000000,0.000000;1.000000,0.000000,0.000000,0.000000
0.00;0.000000,-0.000342,0.005328;1.000000,0.000000,0.000000,0.000000
0.00;0.000000,-0.000684,0.010656;1.000000,0.000000,0.000000,0.000000
0.00;0.000000,-0.001026,0.015985;1.000000,0.000000,0.000000,0.000000
0.00;0.000000,-0.001368,0.021313;1.000000,0.000000,0.000000,0.000000
0.00;0.000000,-0.001710,0.026641;1.000000,0.000000,0.000000,0.000000
0.00;0.000000,-0.002052,0.031969;1.000000,0.000000,0.000000,0.000000
0.00;0.000000,-0.003073,0.037210;1.000000,0.000000,0.000000,0.000000
0.00;0.000000,-0.004094,0.042451;1.000000,0.000000,0.000000,0.000000
0.00;0.000000,-0.005114,0.047691;1.000000,0.000000,0.000000,0.000000
0.00;0.000000,-0.006135,0.052932;1.000000,0.000000,0.000000,0.000000
0.00;0.000000,-0.007156,0.058173;1.000000,0.000000,0.000000,0.000000
0.00;0.000000,-0.008176,0.063414;1.000000,0.000000,0.000000,0.000000
0.00;0.000000,-0.009859,0.068481;1.000000,0.000000,0.000000,0.000000
0.00;0.000000,-0.011541,0.073548;1.000000,0.000000,0.000000,0.000000
0.00;0.000000,-0.013224,0.078615;1.000000,0.000000,0.000000,0.000000
0.00;0.000000,-0.014906,0.083682;1.000000,0.000000,0.000000,0.000000
0.00;0.000000,-0.016588,0.088750;1.000000,0.000000,0.000000,0.000000
0.00;0.000000,-0.018271,0.093817;1.000000,0.000000,0.000000,0.000000
0.00;0.000000,-0.020587,0.098627;1.000000,0.000000,0.000000,0.000000
0.00;0.000000,-0.022904,0.103438;1.000000,0.000000,0.000000,0.000000
0.00;0.000000,-0.025221,0.108248;1.000000,0.000000,0.000000,0.000000
0.00;0.000000,-0.027537,0.113059;1.000000,0.000000,0.000000,0.000000
0.00;0.000000,-0.029854,0.117869;1.000000,0.000000,0.000000,0.000000
0.00;0.000000,-0.032170,0.122679;1.000000,0.000000,0.000000,0.000000
0.00;0.000000,-0.035083,0.127154;1.000000,0.000000,0.000000,0.000000
0.00;0.000000,-0.037996,0.131629;1.000000,0.000000,0.000000,0.000000
0.00;0.000000,-0.040908,0.136104;1.000000,0.000000,0.000000,0.000000
0.00;0.000000,-0.043821,0.140578;1.000000,0.000000,0.000000,0.000000
0.00;0.000000,-0.046734,0.145053;1.000000,0.000000,0.000000,0.000000
0.00;0.000000,-0.049647,0.149528;1.000000,0.000000,0.000000,0.000000
0.00;0.000000,-0.053108,0.153593;1.000000,0.000000,0.000000,0.000000
0.00;0.000000,-0.056569,0.157659;1.000000,0.000000,0.000000,0.000000
0.00;0.000000,-0.060030,0.161724;1.000000,0.000000,0.000000,0.000000
0.00;0.000000,-0.063491,0.165790;1.000000,0.000000,0.000000,0.000000
0.00;0.000000,-0.066952,0.169855;1.000000,0.000000,0.000000,0.000000
1.00;0.000000,-0.070413,0.173921;1.000000,0.000000,0.000000,0.000000
0.00;0.000000,-0.074365,0.177510;1.000000,0.000000,0.000000,0.000000
0.00;0.000000,-0.078318,0.181100;1.000000,0.000000,0.000000,0.000000
0.00;0.000000,-0.082270,0.184689;1.000000,0.000000,0.000000,0.000000
0.00;0.000000,-0.086223,0.188279;1.000000,0.000000,0.000000,0.000000
0.00;0.000000,-0.090175,0.191868;1.000000,0.000000,0.000000,0.000000
0.00;0.000000,-0.094128,0.195458;1.000000,0.000000,0.000000,0.000000
0.00;0.000000,-0.098507,0.198513;1.000000,0.000000,0.000000,0.000000
0.00;0.000000,-0.102886,0.201567;1.000000,0.000000,0.000000,0.000000
0.00;0.000000,-0.107265,0.204622;1.000000,0.000000,0.000000,0.000000
0.00;0.000000,-0.111644,0.207676;1.000000,0.000000,0.000000,0.000000
0.00;0.000000,-0.116023,0.210731;1.000000,0.000000,0.000000,0.000000
0.00;0.000000,-0.120402,0.213786;1.000000,0.000000,0.000000,0.000000
0.00;0.000000,-0.125136,0.216255;1.000000,0.000000,0.000000,0.000000
0.00;0.000000,-0.129869,0.218725;1.000000,0.000000,0.000000,0.000000
0.00;0.000000,-0.134603,0.221194;1.000000,0.000000,0.000000,0.000000
0.00;0.000000,-0.139337,0.223664;1.000000,0.000000,0.000000,0.000000
0.00;0.000000,-0.144070,0.226134;1.000000,0.000000,0.000000,0.000000
0.00;0.000000,-0.148804,0.228603;1.000000,0.000000,0.000000,0.000000
0.00;0.000000,-0.153815,0.230447;1.000000,0.000000,0.000000,0.000000
0.00;0.000000,-0.158825,0.232291;1.000000,0.000000,0.000000,0.000000
0.00;0.000000,-0.163836,0.234135;1.000000,0.000000,0.000000,0.000000
0.00;0.000000,-0.168847,0.235979;1.000000,0.000000,0.000000,0.000000
0.00;0.000000,-0.173857,0.237823;1.000000,0.000000,0.000000,0.000000
0.00;0.000000,-0.178868,0.239667;1.000000,0.000000,0.000000,0.000000
0.00;0.000000,-0.184073,0.240855;1.000000,0.000000,0.000000,0.000000
0.00;0.000000,-0.189279,0.242043;1.000000,0.000000,0.000000,0.000000
0.00;0.000000,-0.194484,0.243231;1.000000,0.000000,0.000000,0.000000
0.00;0.000000,-0.199689,0.244419;1.000000,0.000000,0.000000,0.000000
0.00;0.000000,-0.204895,0.245607;1.000000,0.000000,0.000000,0.000000
0.00;0.000000,-0.210100,0.246795;1.000000,0.000000,0.000000,0.000000
0.00;0.000000,-0.215415,0.247308;1.000000,0.000000,0.000000,0.000000
0.00;0.000000,-0.220729,0.247821;1.000000,0.000000,0.000000,0.000000
0.00;0.000000,-0.226044,0.248333;1.000000,0.000000,0.000000,0.000000
0.00;0.000000,-0.231358,0.248846;1.000000,0.000000,0.000000,0.000000
0.00;0.000000,-0.236673,0.249359;1.000000,0.000000,0.000000,0.000000
1.00;0.000000,-0.241987,0.249872;1.000000,0.000000,0.000000,0.000000
0.00;0.000000,-0.247324,0.249700;1.000000,0.000000,0.000000,0.000000
0.00;0.000000,-0.252660,0.249529;1.000000,0.000000,0.000000,0.000000
0.00;0.000000,-0.257996,0.249358;1.000000,0.000000,0.000000,0.000000
0.00;0.000000,-0.263333,0.249187;1.000000,0.000000,0.000000,0.000000
0.00;0.000000,-0.268669,0.249016;1.000000,0.000000,0.000000,0.000000
0.00;0.000000,-0.274006,0.248845;1.000000,0.000000,0.000000,0.000000
0.00;0.000000,-0.279277,0.247993;1.000000,0.000000,0.000000,0.000000
0.00;0.000000,-0.284547,0.247141;1.000000,0.000000,0.000000,0.000000
0.00;0.000000,-0.289818,0.246288;1.000000,0.000000,0.000000,0.000000
0.00;0.000000,-0.295089,0.245436;1.000000,0.000000,0.000000,0.000000
0.00;0.000000,-0.300359,0.244584;1.000000,0.000000,0.000000,0.000000
0.00;0.000000,-0.305630,0.243732;1.000000,0.000000,0.000000,0.000000
0.00;0.000000,-0.310749,0.242213;1.000000,0.000000,0.000000,0.000000
0.00;0.000000,-0.315867,0.240694;1.000000,0.000000,0.000000,0.000000
0.00;0.000000,-0.320986,0.239175;1.000000,0.000000,0.000000,0.000000
0.00;0.000000,-0.326104,0.237655;1.000000,0.000000,0.000000,0.000000
0.00;0.000000,-0.331223,0.236136;1.000000,0.000000,0.000000,0.000000
0.00;0.000000,-0.336341,0.234617;1.000000,0.000000,0.000000,0.000000
0.00;0.000000,-0.341223,0.232456;1.000000,0.000000,0.000000,0.000000
0.00;0.000000,-0.346106,0.230295;1.000000,0.000000,0.000000,0.000000
0.00;0.000000,-0.350988,0.228133;1.000000,0.000000,0.000000,0.000000
0.00;0.000000,-0.355870,0.225972;1.000000,0.000000,0.000000,0.000000
0.00;0.000000,-0.360752,0.223811;1.000000,0.000000,0.000000,0.000000
0.00;0.000000,-0.365635,0.221650;1.000000,0.000000,0.000000,0.000000
0.00;0.000000,-0.370200,0.218882;1.000000,0.000000,0.000000,0.000000
0.00;0.000000,-0.374766,0.216114;1.000000,0.000000,0.000000,0.000000
0.00;0.000000,-0.379332,0.213346;1.000000,0.000000,0.000000,0.000000
0.00;0.000000,-0.383898,0.210579;1.000000,0.000000,0.000000,0.000000
0.00;0.000000,-0.388463,0.207811;1.000000,0.000000,0.000000,0.000000
0.00;0.000000,-0.393029,0.205043;1.000000,0.000000,0.000000,0.000000
0.00;0.000000,-0.397204,0.201714;1.000000,0.000000,0.000000,0.000000
0.00;0.000000,-0.401378,0.198385;1.000000,0.000000,0.000000,0.000000
0.00;0.000000,-0.405552,0.195056;1.000000,0.000000,0.000000,0.000000
0.00;0.000000,-0.409727,0.191727;1.000000,0.000000,0.000000,0.000000
0.00;0.000000,-0.413901,0.188398;1.000000,0.000000,0.000000,0.000000
1.00;0.000000,-0.418075,0.185069;1.000000,0.000000,0.000000,0.000000
0.00;0.000000,-0.421790,0.181234;1.000000,0.000000,0.000000,0.000000
0.00;0.000000,-0.425504,0.177399;1.000000,0.000000,0.000000,0.000000
0.00;0.000000,-0.429218,0.173563;1.000000,0.000000,0.000000,0.000000
0.00;0.000000,-0.432933,0.169728;1.000000,0.000000,0.000000,0.000000
0.00;0.000000,-0.436647,0.165892;1.000000,0.000000,0.000000,0.000000
0.00;0.000000,-0.440361,0.162057;1.000000,0.000000,0.000000,0.000000
0.00;0.000000,-0.443555,0.157778;1.000000,0.000000,0.000000,0.000000
0.00;0.000000,-0.446748,0.153499;1.000000,0.000000,0.000000,0.000000
0.00;0.000000,-0.449942,0.149220;1.000000,0.000000,0.000000,0.000000
0.00;0.000000,-0.453135,0.144942;1.000000,0.000000,0.000000,0.000000
0.00;0.000000,-0.456329,0.140663;1.000000,0.000000,0.000000,0.000000
0.00;0.000000,-0.459522,0.136384;1.000000,0.000000,0.000000,0.000000
0.00;0.000000,-0.462142,0.131732;1.000000,0.000000,0.000000,0.000000
0.00;0.000000,-0.464762,0.127079;1.000000,0.000000,0.000000,0.000000
0.00;0.000000,-0.467382,0.122427;1.000000,0.000000,0.000000,0.000000
0.00;0.000000,-0.470002,0.117775;1.000000,0.000000,0.000000,0.000000
0.00;0.000000,-0.472622,0.113123;1.000000,0.000000,0.000000,0.000000
0.00;0.000000,-0.475242,0.108471;1.000000,0.000000,0.000000,0.000000
0.00;0.000000,-0.477246,0.103522;1.000000,0.000000,0.000000,0.000000
0.00;0.000000,-0.479249,0.098573;1.000000,0.000000,0.000000,0.000000
0.00;0.000000,-0.481253,0.093624;1.000000,0.000000,0.000000,0.000000
0.00;0.000000,-0.483257,0.088675;1.000000,0.000000,0.000000,0.000000
0.00;0.000000,-0.485260,0.083726;1.000000,0.000000,0.000000,0.000000
0.00;0.000000,-0.487264,0.078777;1.000000,0.000000,0.000000,0.000000
0.00;0.000000,-0.488618,0.073612;1.000000,0.000000,0.000000,0.000000
0.00;0.000000,-0.489973,0.068448;1.000000,0.000000,0.000000,0.000000
0.00;0.000000,-0.491327,0.063283;1.000000,0.000000,0.000000,0.000000
0.00;0.000000,-0.492681,0.058119;1.000000,0.000000,0.000000,0.000000
0.00;0.000000,-0.494035,0.052954;1.000000,0.000000,0.000000,0.000000
0.00;0.000000,-0.495390,0.047790;1.000000,0.000000,0.000000,0.000000
0.00;0.000000,-0.496073,0.042494;1.000000,0.000000,0.000000,0.000000
0.00;0.000000,-0.496755,0.037199;1.000000,0.000000,0.000000,0.000000
0.00;0.000000,-0.497438,0.031904;1.000000,0.000000,0.000000,0.000000
0.00;0.000000,-0.498121,0.026608;1.000000,0.000000,0.000000,0.000000
0.00;0.000000,-0.498804,0.021313;1.000000,0.000000,0.000000,0.000000
1.00;0.000000,-0.499486,0.016018;1.000000,0.000000,0.000000,0.000000
0.00;0.000000,-0.499486,0.010678;1.000000,0.000000,0.000000,0.000000
0.00;0.000000,-0.499486,0.005339;1.000000,0.000000,0.000000,0.000000
0.00;0.000000,-0.499486,0.000000;1.000000,0.000000,0.000000,0.000000
0.00;0.000000,-0.499486,-0.005339;1.000000,0.000000,0.000000,0.000000
0.00;0.000000,-0.499486,-0.010678;1.000000,0.000000,0.000000,0.000000
0.00;0.000000,-0.499486,-0.016018;1.000000,0.000000,0.000000,0.000000
0.00;0.000000,-0.498804,-0.021313;1.000000,0.000000,0.000000,0.000000
0.00;0.000000,-0.498121,-0.026608;1.000000,0.000000,0.000000,0.000000
0.00;0.000000,-0.497438,-0.031904;1.000000,0.000000,0.000000,0.000000
0.00;0.000000,-0.496755,-0.037199;1.000000,0.000000,0.000000,0.000000
0.00;0.000000,-0.496073,-0.042494;1.000000,0.000000,0.000000,0.000000
0.00;0.000000,-0.495390,-0.047790;1.000000,0.000000,0.000000,0.000000
0.00;0.000000,-0.494035,-0.052954;1.000000,0.000000,0.000000,0.000000
0.00;0.000000,-0.492681,-0.058119;1.000000,0.000000,0.000000,0.000000
0.00;0.000000,-0.491327,-0.063283;1.000000,0.000000,0.000000,0.000000
0.00;0.000000,-0.489973,-0.068448;1.000000,0.000000,0.000000,0.000000
0.00;0.000000,-0.488618,-0.073612;1.000000,0.000000,0.000000,0.000000
0.00;0.000000,-0.487264,-0.078777;1.000000,0.000000,0.000000,0.000000
0.00;0.000000,-0.485260,-0.083726;1.000000,0.000000,0.000000,0.000000
0.00;0.000000,-0.483257,-0.088675;1.000000,0.000000,0.000000,0.000000
0.00;0.000000,-0.481253,-0.093624;1.000000,0.000000,0.000000,0.000000
0.00;0.000000,-0.479249,-0.098573;1.000000,0.000000,0.000000,0.000000
0.00;0.000000,-0.477246,-0.103522;1.000000,0.000000,0.000000,0.000000
0.00;0.000000,-0.475242,-0.108471;1.000000,0.000000,0.000000,0.000000
0.00;0.000000,-0.472622,-0.113123;1.000000,0.000000,0.000000,0.000000
0.00;0.000000,-0.470002,-0.117775;1.000000,0.000000,0.000000,0.000000
0.00;0.000000,-0.467382,-0.122427;1.000000,0.000000,0.000000,0.000000
0.00;0.000000,-0.464762,-0.127079;1.000000,0.000000,0.000000,0.000000
0.00;0.000000,-0.462142,-0.131732;1.000000,0.000000,0.000000,0.000000
0.00;0.000000,-0.459522,-0.136384;1.000000,0.000000,0.000000,0.000000
0.00;0.000000,-0.456329,-0.140663;1.000000,0.000000,0.000000,0.000000
0.00;0.000000,-0.453135,-0.144942;1.000000,0.000000,0.000000,0.000000
0.00;0.000000,-0.449942,-0.149220;1.000000,0.000000,0.000000,0.000000
0.00;0.000000,-0.446748,-0.153499;1.000000,0.000000,0.000000,0.000000
0.00;0.000000,-0.443555,-0.157778;1.000000,0.000000,0.000000,0.000000
0.00;0.000000,-0.440361,-0.162057;1.000000,0.000000,0.000000,0.000000
0.00;0.000000,-0.436647,-0.165892;1.000000,0.000000,0.000000,0.000000
1.00;0.000000,-0.432933,-0.169728;1.000000,0.000000,0.000000,0.000000
0.00;0.000000,-0.429218,-0.173563;1.000000,0.000000,0.000000,0.000000
0.00;0.000000,-0.425504,-0.177399;1.000000,0.000000,0.000000,0.000000
0.00;0.000000,-0.421790,-0.181234;1.000000,0.000000,0.000000,0.000000
0.00;0.000000,-0.418075,-0.185069;1.000000,0.000000,0.000000,0.000000
0.00;0.000000,-0.413901,-0.188398;1.000000,0.000000,0.000000,0.000000
0.00;0.000000,-0.409727,-0.191727;1.000000,0.000000,0.000000,0.000000
0.00;0.000000,-0.405552,-0.195056;1.000000,0.000000,0.000000,0.000000
0.00;0.000000,-0.401378,-0.198385;1.000000,0.000000,0.000000,0.000000
0.00;0.000000,-0.397204,-0.201714;1.000000,0.000000,0.000000,0.000000
0.00;0.000000,-0.393029,-0.205043;1.000000,0.000000,0.000000,0.000000
0.00;0.000000,-0.388463,-0.207811;1.000000,0.000000,0.000000,0.000000
0.00;0.000000,-0.383898,-0.210579;1.000000,0.000000,0.000000,0.000000
0.00;0.000000,-0.379332,-0.213346;1.000000,0.000000,0.000000,0.000000
0.00;0.000000,-0.374766,-0.216114;1.000000,0.000000,0.000000,0.000000
0.00;0.000000,-0.370200,-0.218882;1.000000,0.000000,0.000000,0.000000
0.00;0.000000,-0.365635,-0.221650;1.000000,0.000000,0.000000,0.000000
0.00;0.000000,-0.360752,-0.223811;1.000000,0.000000,0.000000,0.000000
0.00;0.000000,-0.355870,-0.225972;1.000000,0.000000,0.000000,0.000000
0.00;0.000000,-0.350988,-0.228133;1.000000,0.000000,0.000000,0.000000
0.00;0.000000,-0.346106,-0.230295;1.000000,0.000000,0.000000,0.000000
0.00;0.000000,-0.341223,-0.232456;1.000000,0.000000,0.000000,0.000000
0.00;0.000000,-0.336341,-0.234617;1.000000,0.000000,0.000000,0.000000
0.00;0.000000,-0.331223,-0.236136;1.000000,0.000000,0.000000,0.000000
0.00;0.000000,-0.326104,-0.237655;1.000000,0.000000,0.000000,0.000000
0.00;0.000000,-0.320986,-0.239175;1.000000,0.000000,0.000000,0.000000
0.00;0.000000,-0.315867,-0.240694;1.000000,0.000000,0.000000,0.000000
0.00;0.000000,-0.310749,-0.242213;1.000000,0.000000,0.000000,0.000000
0.00;0.000000,-0.305630,-0.243732;1.000000,0.000000,0.000000,0.000000
0.00;0.000000,-0.300359,-0.244584;1.000000,0.000000,0.000000,0.000000
0.00;0.000000,-0.295089,-0.245436;1.000000,0.000000,0.000000,0.000000
0.00;0.000000,-0.289818,-0.246288;1.000000,0.000000,0.000000,0.000000
0.00;0.000000,-0.284547,-0.247141;1.000000,0.000000,0.000000,0.000000
0.00;0.000000,-0.279277,-0.247993;1.000000,0.000000,0.000000,0.000000
0.00;0.000000,-0.274006,-0.248845;1.000000,0.000000,0.000000,0.000000
0.00;0.000000,-0.268669,-0.249016;1.000000,0.000000,0.000000,0.000000
0.00;0.000000,-0.263333,-0.249187;1.000000,0.000000,0.000000,0.000000
0.00;0.000000,-0.257996,-0.249358;1.000000,0.000000,0.000000,0.000000
0.00;0.000000,-0.252660,-0.249529;1.000000,0.000000,0.000000,0.000000
0.00;0.000000,-0.247324,-0.249700;1.000000,0.000000,0.000000,0.000000
1.00;0.000000,-0.241987,-0.249872;1.000000,0.000000,0.000000,0.000000
0.00;0.000000,-0.236673,-0.249359;1.000000,0.000000,0.000000,0.000000
0.00;0.000000,-0.231358,-0.248846;1.000000,0.000000,0.000000,0.000000
0.00;0.000000,-0.226044,-0.248333;1.000000,0.000000,0.000000,0.000000
0.00;0.000000,-0.220729,-0.247821;1.000000,0.000000,0.000000,0.000000
0.00;0.000000,-0.215415,-0.247308;1.000000,0.000000,0.000000,0.000000
0.00;0.000000,-0.210100,-0.246795;1.000000,0.000000,0.000000,0.000000
0.00;0.000000,-0.204895,-0.245607;1.000000,0.000000,0.000000,0.000000
0.00;0.000000,-0.199689,-0.244419;1.000000,0.000000,0.000000,0.000000
0.00;0.000000,-0.194484,-0.243231;1.000000,0.000000,0.000000,0.000000
0.00;0.000000,-0.189279,-0.242043;1.000000,0.000000,0.000000,0.000000
0.00;0.000000,-0.184073,-0.240855;1.000000,0.000000,0.000000,0.000000
0.00;0.000000,-0.178868,-0.239667;1.000000,0.000000,0.000000,0.000000
0.00;0.000000,-0.173857,-0.237823;1.000000,0.000000,0.000000,0.000000
0.00;0.000000,-0.168847,-0.235979;1.000000,0.000000,0.000000,0.000000
0.00;0.000000,-0.163836,-0.234135;1.000000,0.000000,0.000000,0.000000
0.00;0.000000,-0.158825,-0.232291;1.000000,0.000000,0.000000,0.000000
0.00;0.000000,-0.153815,-0.230447;1.000000,0.000000,0.000000,0.000000
0.00;0.000000,-0.148804,-0.228603;1.000000,0.000000,0.000000,0.000000
0.00;0.000000,-0.144070,-0.226134;1.000000,0.000000,0.000000,0.000000
0.00;0.000000,-0.139337,-0.223664;1.000000,0.000000,0.000000,0.000000
0.00;0.000000,-0.134603,-0.221194;1.000000,0.000000,0.000000,0.000000
0.00;0.000000,-0.129869,-0.218725;1.000000,0.000000,0.000000,0.000000
0.00;0.000000,-0.125136,-0.216255;1.000000,0.000000,0.000000,0.000000
0.00;0.000000,-0.120402,-0.213786;1.000000,0.000000,0.000000,0.000000
0.00;0.000000,-0.116023,-0.210731;1.000000,0.000000,0.000000,0.000000
0.00;0.000000,-0.111644,-0.207676;1.000000,0.000000,0.000000,0.000000
0.00;0.000000,-0.107265,-0.204622;1.000000,0.000000,0.000000,0.000000
0.00;0.000000,-0.102886,-0.201567;1.000000,0.000000,0.000000,0.000000
0.00;0.000000,-0.098507,-0.198513;1.000000,0.000000,0.000000,0.000000
0.00;0.000000,-0.094128,-0.195458;1.000000,0.000000,0.000000,0.000000
0.00;0.000000,-0.090175,-0.191868;1.000000,0.000000,0.000000,0.000000
0.00;0.000000,-0.086223,-0.188279;1.000000,0.000000,0.000000,0.000000
0.00;0.000000,-0.082270,-0.184689;1.000000,0.000000,0.000000,0.000000
0.00;0.000000,-0.078318,-0.181100;1.000000,0.000000,0.000000,0.000000
0.00;0.000000,-0.074365,-0.177510;1.000000,0.000000,0.000000,0.000000
1.00;0.000000,-0.070413,-0.173921;1.000000,0.000000,0.000000,0.000000
0.00;0.000000,-0.066952,-0.169855;1.000000,0.000000,0.000000,0.000000
0.00;0.000000,-0.063491,-0.165790;1.000000,0.000000,0.000000,0.000000
0.00;0.000000,-0.060030,-0.161724;1.000000,0.000000,0.000000,0.000000
0.00;0.000000,-0.056569,-0.157659;1.000000,0.000000,0.000000,0.000000
0.00;0.000000,-0.053108,-0.153593;1.000000,0.000000,0.000000,0.000000
0.00;0.000000,-0.049647,-0.149528;1.000000,0.000000,0.000000,0.000000
0.00;0.000000,-0.046734,-0.145053;1.000000,0.000000,0.000000,0.000000
0.00;0.000000,-0.043821,-0.140578;1.000000,0.000000,0.000000,0.000000
0.00;0.000000,-0.040908,-0.136104;1.000000,0.000000,0.000000,0.000000
0.00;0.000000,-0.037996,-0.131629;1.000000,0.000000,0.000000,0.000000
0.00;0.000000,-0.035083,-0.127154;1.000000,0.000000,0.000000,0.000000
0.00;0.000000,-0.032170,-0.122679;1.000000,0.000000,0.000000,0.000000
0.00;0.000000,-0.029854,-0.117869;1.000000,0.000000,0.000000,0.000000
0.00;0.000000,-0.027537,-0.113059;1.000000,0.000000,0.000000,0.000000
0.00;0.000000,-0.025221,-0.108248;1.000000,0.000000,0.000000,0.000000
0.00;0.000000,-0.022904,-0.103438;1.000000,0.000000,0.000000,0.000000
0.00;0.000000,-0.020587,-0.098627;1.000000,0.000000,0.000000,0.000000
0.00;0.000000,-0.018271,-0.093817;1.000000,0.000000,0.000000,0.000000
0.00;0.000000,-0.016588,-0.088750;1.000000,0.000000,0.000000,0.000000
0.00;0.000000,-0.014906,-0.083682;1.000000,0.000000,0.000000,0.000000
0.00;0.000000,-0.013224,-0.078615;1.000000,0.000000,0.000000,0.000000
0.00;0.000000,-0.011541,-0.073548;1.000000,0.000000,0.000000,0.000000
0.00;0.000000,-0.009859,-0.068481;1.000000,0.000000,0.000000,0.000000
0.00;0.000000,-0.008176,-0.063414;1.000000,0.000000,0.000000,0.000000
0.00;0.000000,-0.007156,-0.058173;1.000000,0.000000,0.000000,0.000000
0.00;0.000000,-0.006135,-0.052932;1.000000,0.000000,0.000000,0.000000
0.00;0.000000,-0.005114,-0.047691;1.000000,0.000000,0.000000,0.000000
0.00;0.000000,-0.004094,-0.042451;1.000000,0.000000,0.000000,0.000000
0.00;0.000000,-0.003073,-0.037210;1.000000,0.000000,0.000000,0.000000
0.00;0.000000,-0.002052,-0.031969;1.000000,0.000000,0.000000,0.000000
0.00;0.000000,-0.001710,-0.026641;1.000000,0.000000,0.000000,0.000000
0.00;0.000000,-0.001368,-0.021313;1.000000,0.000000,0.000000,0.000000
0.00;0.000000,-0.001026,-0.015985;1.000000,0.000000,0.000000,0.000000
0.00;0.000000,-0.000684,-0.010656;1.000000,0.000000,0.000000,0.000000
0.00;0.000000,-0.000342,-0.005328;1.000000,0.000000,0.000000,0.000000
1.00;0.000000,0.000000,-0.000000;1.000000,0.000000,0.000000,0.000000
