1.00;0.000000,0.000000,0.000000;1.000000,0.000000,0.000000,0.000000
0.00;0.000000,0.000000,0.000000;0.999886,0.000000,0.015103,0.000000
0.00;0.000000,0.000000,0.000000;0.999544,0.000000,0.030203,0.000000
0.00;0.000000,0.000000,0.000000;0.998974,0.000000,0.045296,0.000000
0.00;0.000000,0.000000,0.000000;0.998176,0.000000,0.060378,0.000000
0.00;0.000000,0.000000,0.000000;0.997150,0.000000,0.075447,0.000000
0.00;0.000000,0.000000,0.000000;0.995897,0.000000,0.090499,0.000000
0.00;0.000000,0.000000,0.000000;0.994416,0.000000,0.105530,0.000000
0.00;0.000000,0.000000,0.000000;0.992709,0.000000,0.120537,0.000000
0.00;0.000000,0.000000,0.000000;0.990775,0.000000,0.135516,0.000000
0.00;0.000000,0.000000,0.000000;0.988615,0.000000,0.150465,0.000000
0.00;0.000000,0.000000,0.000000;0.986230,0.000000,0.165379,0.000000
0.00;0.000000,0.000000,0.000000;0.983620,0.000000,0.180255,0.000000
0.00;0.000000,0.000000,0.000000;0.980785,0.000000,0.195090,0.000000
0.00;0.000000,0.000000,0.000000;0.977727,0.000000,0.209881,0.000000
0.00;0.000000,0.000000,0.000000;0.974446,0.000000,0.224624,0.000000
0.00;0.000000,0.000000,0.000000;0.970942,0.000000,0.239316,0.000000
0.00;0.000000,0.000000,0.000000;0.967217,0.000000,0.253953,0.000000
0.00;0.000000,0.000000,0.000000;0.963271,0.000000,0.268532,0.000000
0.00;0.000000,0.000000,0.000000;0.959105,0.000000,0.283050,0.000000
0.00;0.000000,0.000000,0.000000;0.954721,0.000000,0.297503,0.000000
0.00;0.000000,0.000000,0.000000;0.950119,0.000000,0.311888,0.000000
0.00;0.000000,0.000000,0.000000;0.945300,0.000000,0.326203,0.000000
0.00;0.000000,0.000000,0.000000;0.940265,0.000000,0.340443,0.000000
0.00;0.000000,0.000000,0.000000;0.935016,0.000000,0.354605,0.000000
0.00;0.000000,0.000000,0.000000;0.929554,0.000000,0.368686,0.000000
1.00;0.000000,0.000000,0.000000;0.923880,0.000000,0.382683,0.000000
0.00;0.000000,0.000000,0.000000;0.929554,0.000000,0.368686,0.000000
0.00;0.000000,0.000000,0.000000;0.935016,0.000000,0.354605,0.000000
0.00;0.000000,0.000000,0.000000;0.940265,0.000000,0.340443,0.000000
0.00;0.000000,0.000000,0.000000;0.945300,0.000000,0.326203,0.000000
0.00;0.000000,0.000000,0.000000;0.950119,0.000000,0.311888,0.000000
0.00;0.000000,0.000000,0.000000;0.954721,0.000000,0.297503,0.000000
0.00;0.000000,0.000000,0.000000;0.959105,0.000000,0.283050,0.000000
0.00;0.000000,0.000000,0.000000;0.963271,0.000000,0.268532,0.000000
0.00;0.000000,0.000000,0.000000;0.967217,0.000000,0.253953,0.000000
0.00;0.000000,0.000000,0.000000;0.970942,0.000000,0.239316,0.000000
0.00;0.000000,0.000000,0.000000;0.974446,0.000000,0.224624,0.000000
0.00;0.000000,0.000000,0.000000;0.977727,0.000000,0.209881,0.000000
0.00;0.000000,0.000000,0.000000;0.980785,0.000000,0.195090,0.000000
0.00;0.000000,0.000000,0.000000;0.983620,0.000000,0.180255,0.000000
0.00;0.000000,0.000000,0.000000;0.986230,0.000000,0.165379,0.000000
0.00;0.000000,0.000000,0.000000;0.988615,0.000000,0.150465,0.000000
0.00;0.000000,0.000000,0.000000;0.990775,0.000000,0.135516,0.000000
0.00;0.000000,0.000000,0.000000;0.992709,0.000000,0.120537,0.000000
0.00;0.000000,0.000000,0.000000;0.994416,0.000000,0.105530,0.000000
0.00;0.000000,0.000000,0.000000;0.995897,0.000000,0.090499,0.000000
0.00;0.000000,0.000000,0.000000;0.997150,0.000000,0.075447,0.000000
0.00;0.000000,0.000000,0.000000;0.998176,0.000000,0.060378,0.000000
0.00;0.000000,0.000000,0.000000;0.998974,0.000000,0.045296,0.000000
0.00;0.000000,0.000000,0.000000;0.999544,0.000000,0.030203,0.000000
0.00;0.000000,0.000000,0.000000;0.999886,0.000000,0.015103,0.000000
1.00;0.000000,0.000000,0.000000;1.000000,0.000000,0.000000,0.000000
0.00;0.000000,0.000000,0.000000;0.999886,0.000000,-0.015103,0.000000
0.00;0.000000,0.000000,0.000000;0.999544,0.000000,-0.030203,0.000000
0.00;0.000000,0.000000,0.000000;0.998974,0.000000,-0.045296,0.000000
0.00;0.000000,0.000000,0.000000;0.998176,0.000000,-0.060378,0.000000
0.00;0.000000,0.000000,0.000000;0.997150,0.000000,-0.075447,0.000000
0.00;0.000000,0.000000,0.000000;0.995897,0.000000,-0.090499,0.000000
0.00;0.000000,0.000000,0.000000;0.994416,0.000000,-0.105530,0.000000
0.00;0.000000,0.000000,0.000000;0.992709,0.000000,-0.120537,0.000000
0.00;0.000000,0.000000,0.000000;0.990775,0.000000,-0.135516,0.000000
0.00;0.000000,0.000000,0.000000;0.988615,0.000000,-0.150465,0.000000
0.00;0.000000,0.000000,0.000000;0.986230,0.000000,-0.165379,0.000000
0.00;0.000000,0.000000,0.000000;0.983620,0.000000,-0.180255,0.000000
0.00;0.000000,0.000000,0.000000;0.980785,0.000000,-0.195090,0.000000
0.00;0.000000,0.000000,0.000000;0.977727,0.000000,-0.209881,0.000000
0.00;0.000000,0.000000,0.000000;0.974446,0.000000,-0.224624,0.000000
0.00;0.000000,0.000000,0.000000;0.970942,0.000000,-0.239316,0.000000
0.00;0.000000,0.000000,0.000000;0.967217,0.000000,-0.253953,0.000000
0.00;0.000000,0.000000,0.000000;0.963271,0.000000,-0.268532,0.000000
0.00;0.000000,0.000000,0.000000;0.959105,0.000000,-0.283050,0.000000
0.00;0.000000,0.000000,0.000000;0.954721,0.000000,-0.297503,0.000000
0.00;0.000000,0.000000,0.000000;0.950119,0.000000,-0.311888,0.000000
0.00;0.000000,0.000000,0.000000;0.945300,0.000000,-0.326203,0.000000
0.00;0.000000,0.000000,0.000000;0.940265,0.000000,-0.340443,0.000000
0.00;0.000000,0.000000,0.000000;0.935016,0.000000,-0.354605,0.000000
0.00;0.000000,0.000000,0.000000;0.929554,0.000000,-0.368686,0.000000
1.00;0.000000,0.000000,0.000000;0.923880,0.000000,-0.382683,0.000000
0.00;0.000000,0.000000,0.000000;0.929554,0.000000,-0.368686,0.000000
0.00;0.000000,0.000000,0.000000;0.935016,0.000000,-0.354605,0.000000
0.00;0.000000,0.000000,0.000000;0.940265,0.000000,-0.340443,0.000000
0.00;0.000000,0.000000,0.000000;0.945300,0.000000,-0.326203,0.000000
0.00;0.000000,0.000000,0.000000;0.950119,0.000000,-0.311888,0.000000
0.00;0.000000,0.000000,0.000000;0.954721,0.000000,-0.297503,0.000000
0.00;0.000000,0.000000,0.000000;0.959105,0.000000,-0.283050,0.000000
0.00;0.000000,0.000000,0.000000;0.963271,0.000000,-0.268532,0.000000
0.00;0.000000,0.000000,0.000000;0.967217,0.000000,-0.253953,0.000000
0.00;0.000000,0.000000,0.000000;0.970942,0.000000,-0.239316,0.000000
0.00;0.000000,0.000000,0.000000;0.974446,0.000000,-0.224624,0.000000
0.00;0.000000,0.000000,0.000000;0.977727,0.000000,-0.209881,0.000000
0.00;0.000000,0.000000,0.000000;0.980785,0.000000,-0.195090,0.000000
0.00;0.000000,0.000000,0.000000;0.983620,0.000000,-0.180255,0.000000
0.00;0.000000,0.000000,0.000000;0.986230,0.000000,-0.165379,0.000000
0.00;0.000000,0.000000,0.000000;0.988615,0.000000,-0.150465,0.000000
0.00;0.000000,0.000000,0.000000;0.990775,0.000000,-0.135516,0.000000
0.00;0.000000,0.000000,0.000000;0.992709,0.000000,-0.120537,0.000000
0.00;0.000000,0.000000,0.000000;0.994416,0.000000,-0.105530,0.000000
0.00;0.000000,0.000000,0.000000;0.995897,0.000000,-0.090499,0.000000
0.00;0.000000,0.000000,0.000000;0.997150,0.000000,-0.075447,0.000000
0.00;0.000000,0.000000,0.000000;0.998176,0.000000,-0.060378,0.000000
0.00;0.000000,0.000000,0.000000;0.998974,0.000000,-0.045296,0.000000
0.00;0.000000,0.000000,0.000000;0.999544,0.000000,-0.030203,0.000000
0.00;0.000000,0.000000,0.000000;0.999886,0.000000,-0.015103,0.000000
1.00;0.000000,0.000000,0.000000;1.000000,0.000000,0.000000,0.000000
0.00;0.000000,0.000000,0.000000;0.999886,0.000000,0.000000,0.015103
0.00;0.000000,0.000000,0.000000;0.999544,0.000000,0.000000,0.030203
0.00;0.000000,0.000000,0.000000;0.998974,0.000000,0.000000,0.045296
0.00;0.000000,0.000000,0.000000;0.998176,0.000000,0.000000,0.060378
0.00;0.000000,0.000000,0.000000;0.997150,0.000000,0.000000,0.075447
0.00;0.000000,0.000000,0.000000;0.995897,0.000000,0.000000,0.090499
0.00;0.000000,0.000000,0.000000;0.994416,0.000000,0.000000,0.105530
0.00;0.000000,0.000000,0.000000;0.992709,0.000000,0.000000,0.120537
0.00;0.000000,0.000000,0.000000;0.990775,0.000000,0.000000,0.135516
0.00;0.000000,0.000000,0.000000;0.988615,0.000000,0.000000,0.150465
0.00;0.000000,0.000000,0.000000;0.986230,0.000000,0.000000,0.165379
0.00;0.000000,0.000000,0.000000;0.983620,0.000000,0.000000,0.180255
0.00;0.000000,0.000000,0.000000;0.980785,0.000000,0.000000,0.195090
0.00;0.000000,0.000000,0.000000;0.977727,0.000000,0.000000,0.209881
0.00;0.000000,0.000000,0.000000;0.974446,0.000000,0.000000,0.224624
0.00;0.000000,0.000000,0.000000;0.970942,0.000000,0.000000,0.239316
0.00;0.000000,0.000000,0.000000;0.967217,0.000000,0.000000,0.253953
0.00;0.000000,0.000000,0.000000;0.963271,0.000000,0.000000,0.268532
0.00;0.000000,0.000000,0.000000;0.959105,0.000000,0.000000,0.283050
0.00;0.000000,0.000000,0.000000;0.954721,0.000000,0.000000,0.297503
0.00;0.000000,0.000000,0.000000;0.950119,0.000000,0.000000,0.311888
0.00;0.000000,0.000000,0.000000;0.945300,0.000000,0.000000,0.326203
0.00;0.000000,0.000000,0.000000;0.940265,0.000000,0.000000,0.340443
0.00;0.000000,0.000000,0.000000;0.935016,0.000000,0.000000,0.354605
0.00;0.000000,0.000000,0.000000;0.929554,0.000000,0.000000,0.368686
1.00;0.000000,0.000000,0.000000;0.923880,0.000000,0.000000,0.382683
0.00;0.000000,0.000000,0.000000;0.929554,0.000000,0.000000,0.368686
0.00;0.000000,0.000000,0.000000;0.935016,0.000000,0.000000,0.354605
0.00;0.000000,0.000000,0.000000;0.940265,0.000000,0.000000,0.340443
0.00;0.000000,0.000000,0.000000;0.945300,0.000000,0.000000,0.326203
0.00;0.000000,0.000000,0.000000;0.950119,0.000000,0.000000,0.311888
0.00;0.000000,0.000000,0.000000;0.954721,0.000000,0.000000,0.297503
0.00;0.000000,0.000000,0.000000;0.959105,0.000000,0.000000,0.283050
0.00;0.000000,0.000000,0.000000;0.963271,0.000000,0.000000,0.268532
0.00;0.000000,0.000000,0.000000;0.967217,0.000000,0.000000,0.253953
0.00;0.000000,0.000000,0.000000;0.970942,0.000000,0.000000,0.239316
0.00;0.000000,0.000000,0.000000;0.974446,0.000000,0.000000,0.224624
0.00;0.000000,0.000000,0.000000;0.977727,0.000000,0.000000,0.209881
0.00;0.000000,0.000000,0.000000;0.980785,0.000000,0.000000,0.195090
0.00;0.000000,0.000000,0.000000;0.983620,0.000000,0.000000,0.180255
0.00;0.000000,0.000000,0.000000;0.986230,0.000000,0.000000,0.165379
0.00;0.000000,0.000000,0.000000;0.988615,0.000000,0.000000,0.150465
0.00;0.000000,0.000000,0.000000;0.990775,0.000000,0.000000,0.135516
0.00;0.000000,0.000000,0.000000;0.992709,0.000000,0.000000,0.120537
0.00;0.000000,0.000000,0.000000;0.994416,0.000000,0.000000,0.105530
0.00;0.000000,0.000000,0.000000;0.995897,0.000000,0.000000,0.090499
0.00;0.000000,0.000000,0.000000;0.997150,0.000000,0.000000,0.075447
0.00;0.000000,0.000000,0.000000;0.998176,0.000000,0.000000,0.060378
0.00;0.000000,0.000000,0.000000;0.998974,0.000000,0.000000,0.045296
0.00;0.000000,0.000000,0.000000;0.999544,0.000000,0.000000,0.030203
0.00;0.000000,0.000000,0.000000;0.999886,0.000000,0.000000,0.015103
1.00;0.000000,0.000000,0.000000;1.000000,0.000000,0.000000,0.000000
0.00;0.000000,0.000000,0.000000;0.999886,0.000000,0.000000,-0.015103
0.00;0.000000,0.000000,0.000000;0.999544,0.000000,0.000000,-0.030203
0.00;0.000000,0.000000,0.000000;0.998974,0.000000,0.000000,-0.045296
0.00;0.000000,0.000000,0.000000;0.998176,0.000000,0.000000,-0.060378
0.00;0.000000,0.000000,0.000000;0.997150,0.000000,0.000000,-0.075447
0.00;0.000000,0.000000,0.000000;0.995897,0.000000,0.000000,-0.090499
0.00;0.000000,0.000000,0.000000;0.994416,0.000000,0.000000,-0.105530
0.00;0.000000,0.000000,0.000000;0.992709,0.000000,0.000000,-0.120537
0.00;0.000000,0.000000,0.000000;0.990775,0.000000,0.000000,-0.135516
0.00;0.000000,0.000000,0.000000;0.988615,0.000000,0.000000,-0.150465
0.00;0.000000,0.000000,0.000000;0.986230,0.000000,0.000000,-0.165379
0.00;0.000000,0.000000,0.000000;0.983620,0.000000,0.000000,-0.180255
0.00;0.000000,0.000000,0.000000;0.980785,0.000000,0.000000,-0.195090
0.00;0.000000,0.000000,0.000000;0.977727,0.000000,0.000000,-0.209881
0.00;0.000000,0.000000,0.000000;0.974446,0.000000,0.000000,-0.224624
0.00;0.000000,0.000000,0.000000;0.970942,0.000000,0.000000,-0.239316
0.00;0.000000,0.000000,0.000000;0.967217,0.000000,0.000000,-0.253953
0.00;0.000000,0.000000,0.000000;0.963271,0.000000,0.000000,-0.268532
0.00;0.000000,0.000000,0.000000;0.959105,0.000000,0.000000,-0.283050
0.00;0.000000,0.000000,0.000000;0.954721,0.000000,0.000000,-0.297503
0.00;0.000000,0.000000,0.000000;0.950119,0.000000,0.000000,-0.311888
0.00;0.000000,0.000000,0.000000;0.945300,0.000000,0.000000,-0.326203
0.00;0.000000,0.000000,0.000000;0.940265,0.000000,0.000000,-0.340443
0.00;0.000000,0.000000,0.000000;0.935016,0.000000,0.000000,-0.354605
0.00;0.000000,0.000000,0.000000;0.929554,0.000000,0.000000,-0.368686
1.00;0.000000,0.000000,0.000000;0.923880,0.000000,0.000000,-0.382683
0.00;0.000000,0.000000,0.000000;0.929554,0.000000,0.000000,-0.368686
0.00;0.000000,0.000000,0.000000;0.935016,0.000000,0.000000,-0.354605
0.00;0.000000,0.000000,0.000000;0.940265,0.000000,0.000000,-0.340443
0.00;0.000000,0.000000,0.000000;0.945300,0.000000,0.000000,-0.326203
0.00;0.000000,0.000000,0.000000;0.950119,0.000000,0.000000,-0.311888
0.00;0.000000,0.000000,0.000000;0.954721,0.000000,0.000000,-0.297503
0.00;0.000000,0.000000,0.000000;0.959105,0.000000,0.000000,-0.283050
0.00;0.000000,0.000000,0.000000;0.963271,0.000000,0.000000,-0.268532
0.00;0.000000,0.000000,0.000000;0.967217,0.000000,0.000000,-0.253953
0.00;0.000000,0.000000,0.000000;0.970942,0.000000,0.000000,-0.239316
0.00;0.000000,0.000000,0.000000;0.974446,0.000000,0.000000,-0.224624
0.00;0.000000,0.000000,0.000000;0.977727,0.000000,0.000000,-0.209881
0.00;0.000000,0.000000,0.000000;0.980785,0.000000,0.000000,-0.195090
0.00;0.000000,0.000000,0.000000;0.983620,0.000000,0.000000,-0.180255
0.00;0.000000,0.000000,0.000000;0.986230,0.000000,0.000000,-0.165379
0.00;0.000000,0.000000,0.000000;0.988615,0.000000,0.000000,-0.150465
0.00;0.000000,0.000000,0.000000;0.990775,0.000000,0.000000,-0.135516
0.00;0.000000,0.000000,0.000000;0.992709,0.000000,0.000000,-0.120537
0.00;0.000000,0.000000,0.000000;0.994416,0.000000,0.000000,-0.105530
0.00;0.000000,0.000000,0.000000;0.995897,0.000000,0.000000,-0.090499
0.00;0.000000,0.000000,0.000000;0.997150,0.000000,0.000000,-0.075447
0.00;0.000000,0.000000,0.000000;0.998176,0.000000,0.000000,-0.060378
0.00;0.000000,0.000000,0.000000;0.998974,0.000000,0.000000,-0.045296
0.00;0.000000,0.000000,0.000000;0.999544,0.000000,0.000000,-0.030203
0.00;0.000000,0.000000,0.000000;0.999886,0.000000,0.000000,-0.015103
1.00;0.000000,0.000000,0.000000;1.000000,0.000000,0.000000,0.000000
