0,0,0;1,0,0,0
0,0.005,0;1,0,0,0
0,0.01,0;1,0,0,0
0,0.015,0;1,0,0,0
0,0.02,0;1,0,0,0
0,0.025,0;1,0,0,0
0,0.03,0;1,0,0,0
0,0.035,0;1,0,0,0
0,0.04,0;1,0,0,0
0,0.045,0;1,0,0,0
0,0.05,0;1,0,0,0
0,0.055,0;1,0,0,0
0,0.06,0;1,0,0,0
0,0.065,0;1,0,0,0
0,0.07,0;1,0,0,0
0,0.075,0;1,0,0,0
0,0.08,0;1,0,0,0
0,0.085,0;1,0,0,0
0,0.09,0;1,0,0,0
0,0.095,0;1,0,0,0
0,0.1,0;1,0,0,0
0,0.105,0;1,0,0,0
0,0.11,0;1,0,0,0
0,0.115,0;1,0,0,0
0,0.12,0;1,0,0,0
0,0.125,0;1,0,0,0
0,0.13,0;1,0,0,0
0,0.135,0;1,0,0,0
0,0.14,0;1,0,0,0
0,0.145,0;1,0,0,0
0,0.15,0;1,0,0,0
0,0.155,0;1,0,0,0
0,0.16,0;1,0,0,0
0,0.165,0;1,0,0,0
0,0.17,0;1,0,0,0
0,0.175,0;1,0,0,0
0,0.18,0;1,0,0,0
0,0.185,0;1,0,0,0
0,0.19,0;1,0,0,0
0,0.195,0;1,0,0,0
0,0.2,0;1,0,0,0
-0.0020835,0.2,-0.001389;1,0,0,0
-0.004167,0.2,-0.002778;1,0,0,0
-0.00625,0.2,-0.004167;1,0,0,0
-0.008333,0.2,-0.005556;1,0,0,0
-0.0104165,0.2,-0.0069445;1,0,0,0
-0.0125,0.2,-0.008333;1,0,0,0
-0.0145835,0.2,-0.009722;1,0,0,0
-0.016667,0.2,-0.011111;1,0,0,0
-0.01875,0.2,-0.0125;1,0,0,0
-0.020833,0.2,-0.013889;1,0,0,0
-0.0229165,0.2,-0.015278;1,0,0,0
-0.025,0.2,-0.016667;1,0,0,0
-0.0270835,0.2,-0.0180555;1,0,0,0
-0.029167,0.2,-0.019444;1,0,0,0
-0.03125,0.2,-0.020833;1,0,0,0
-0.0322915,0.2,-0.0215275;1,0,0,0
-0.033333,0.2,-0.022222;1,0,0,0
-0.0354165,0.2,-0.023611;1,0,0,0
-0.0364583,0.2,-0.0243055;1,0,0,0
-0.0375,0.2,-0.025;1,0,0,0
-0.0395835,0.2,-0.026389;1,0,0,0
-0.041667,0.2,-0.027778;1,0,0,0
-0.04375,0.2,-0.029167;1,0,0,0
-0.045833,0.2,-0.030556;1,0,0,0
-0.0479165,0.2,-0.0319445;1,0,0,0
-0.05,0.2,-0.033333;1,0,0,0
-0.054167,0.2,-0.036111;1,0,0,0
-0.058333,0.2,-0.038889;1,0,0,0
-0.0604165,0.2,-0.040278;1,0,0,0
-0.0625,0.2,-0.041667;1,0,0,0
-0.066667,0.2,-0.044444;1,0,0,0
-0.070833,0.2,-0.047222;1,0,0,0
-0.075,0.2,-0.05;1,0,0,0
-0.079167,0.2,-0.052778;1,0,0,0
-0.083333,0.2,-0.055556;1,0,0,0
-0.0875,0.2,-0.058333;1,0,0,0
-0.091667,0.2,-0.061111;1,0,0,0
-0.095833,0.2,-0.063889;1,0,0,0
-0.1,0.2,-0.066667;1,0,0,0
-0.104167,0.2,-0.069444;1,0,0,0
-0.108333,0.2,-0.072222;1,0,0,0
-0.1125,0.2,-0.075;1,0,0,0
-0.116667,0.2,-0.077778;1,0,0,0
-0.120833,0.2,-0.080556;1,0,0,0
-0.125,0.2,-0.083333;1,0,0,0
-0.129167,0.2,-0.086111;1,0,0,0
-0.133333,0.2,-0.088889;1,0,0,0
-0.1375,0.2,-0.091667;1,0,0,0
-0.141667,0.2,-0.094444;1,0,0,0
-0.145833,0.2,-0.097222;1,0,0,0
-0.15,0.2,-0.1;1,0,0,0
-0.154167,0.2,-0.102778;1,0,0,0
-0.158333,0.2,-0.105556;1,0,0,0
-0.1625,0.2,-0.108333;1,0,0,0
-0.166667,0.2,-0.111111;1,0,0,0
-0.170833,0.2,-0.113889;1,0,0,0
-0.175,0.2,-0.116667;1,0,0,0
-0.179167,0.2,-0.119444;1,0,0,0
-0.183333,0.2,-0.122222;1,0,0,0
-0.1875,0.2,-0.125;1,0,0,0
-0.191667,0.2,-0.127778;1,0,0,0
-0.195833,0.2,-0.130556;1,0,0,0
-0.2,0.2,-0.133333;1,0,0,0
-0.204167,0.2,-0.136111;1,0,0,0
-0.208333,0.2,-0.138889;1,0,0,0
-0.2125,0.2,-0.141667;1,0,0,0
-0.216667,0.2,-0.144444;1,0,0,0
-0.220833,0.2,-0.147222;1,0,0,0
-0.225,0.2,-0.15;1,0,0,0
-0.229167,0.2,-0.152778;1,0,0,0
-0.233333,0.2,-0.155556;1,0,0,0
-0.2375,0.2,-0.158333;1,0,0,0
-0.241667,0.2,-0.161111;1,0,0,0
-0.245833,0.2,-0.163889;1,0,0,0
-0.25,0.2,-0.166667;1,0,0,0
-0.254167,0.2,-0.169444;1,0,0,0
-0.258333,0.2,-0.172222;1,0,0,0
-0.2625,0.2,-0.175;1,0,0,0
-0.266667,0.2,-0.177778;1,0,0,0
-0.270833,0.2,-0.180556;1,0,0,0
-0.275,0.2,-0.183333;1,0,0,0
-0.279167,0.2,-0.186111;1,0,0,0
-0.283333,0.2,-0.188889;1,0,0,0
-0.2875,0.2,-0.191667;1,0,0,0
-0.291667,0.2,-0.194444;1,0,0,0
-0.295833,0.2,-0.197222;1,0,0,0
-0.3,0.2,-0.2;1,0,0,0
-0.3,0.195,-0.2;1,0,0,0
-0.3,0.19,-0.2;1,0,0,0
-0.3,0.185,-0.2;1,0,0,0
-0.3,0.18,-0.2;1,0,0,0
-0.3,0.175,-0.2;1,0,0,0
-0.3,0.17,-0.2;1,0,0,0
-0.3,0.165,-0.2;1,0,0,0
-0.3,0.16,-0.2;1,0,0,0
-0.3,0.155,-0.2;1,0,0,0
-0.3,0.15,-0.2;1,0,0,0
-0.3,0.145,-0.2;1,0,0,0
-0.3,0.14,-0.2;1,0,0,0
-0.3,0.135,-0.2;1,0,0,0
-0.3,0.13,-0.2;1,0,0,0
-0.3,0.125,-0.2;1,0,0,0
-0.3,0.12,-0.2;1,0,0,0
-0.3,0.115,-0.2;1,0,0,0
-0.3,0.11,-0.2;1,0,0,0
-0.3,0.105,-0.2;1,0,0,0
-0.3,0.1,-0.2;1,0,0,0
-0.3,0.095,-0.2;1,0,0,0
-0.3,0.09,-0.2;1,0,0,0
-0.3,0.085,-0.2;1,0,0,0
-0.3,0.08,-0.2;1,0,0,0
-0.3,0.075,-0.2;1,0,0,0
-0.3,0.07,-0.2;1,0,0,0
-0.3,0.065,-0.2;1,0,0,0
-0.3,0.06,-0.2;1,0,0,0
-0.3,0.055,-0.2;1,0,0,0
-0.3,0.05,-0.2;1,0,0,0
-0.3,0.045,-0.2;1,0,0,0
-0.3,0.04,-0.2;1,0,0,0
-0.3,0.035,-0.2;1,0,0,0
-0.3,0.03,-0.2;1,0,0,0
-0.3,0.025,-0.2;1,0,0,0
-0.3,0.02,-0.2;1,0,0,0
-0.3,0.015,-0.2;1,0,0,0
-0.3,0.01,-0.2;1,0,0,0
-0.3,0.005,-0.2;1,0,0,0
-0.3,0,-0.2;1,0,0,0
-0.3,-0.005,-0.2;1,0,0,0
-0.3,-0.01,-0.2;1,0,0,0
-0.3,-0.015,-0.2;1,0,0,0
-0.3,-0.02,-0.2;1,0,0,0
-0.3,-0.025,-0.2;1,0,0,0
-0.3,-0.03,-0.2;1,0,0,0
-0.3,-0.035,-0.2;1,0,0,0
-0.3,-0.04,-0.2;1,0,0,0
-0.3,-0.045,-0.2;1,0,0,0
-0.3,-0.05,-0.2;1,0,0,0
-0.3,-0.055,-0.2;1,0,0,0
-0.3,-0.06,-0.2;1,0,0,0
-0.3,-0.065,-0.2;1,0,0,0
-0.3,-0.07,-0.2;1,0,0,0
-0.3,-0.075,-0.2;1,0,0,0
-0.3,-0.08,-0.2;1,0,0,0
-0.3,-0.085,-0.2;1,0,0,0
-0.3,-0.09,-0.2;1,0,0,0
-0.3,-0.095,-0.2;1,0,0,0
-0.3,-0.1,-0.2;1,0,0,0
-0.3,-0.105,-0.2;1,0,0,0
-0.3,-0.11,-0.2;1,0,0,0
-0.3,-0.115,-0.2;1,0,0,0
-0.3,-0.12,-0.2;1,0,0,0
-0.3,-0.125,-0.2;1,0,0,0
-0.3,-0.13,-0.2;1,0,0,0
-0.3,-0.135,-0.2;1,0,0,0
-0.3,-0.14,-0.2;1,0,0,0
-0.3,-0.145,-0.2;1,0,0,0
-0.3,-0.15,-0.2;1,0,0,0
-0.3,-0.155,-0.2;1,0,0,0
-0.3,-0.16,-0.2;1,0,0,0
-0.3,-0.165,-0.2;1,0,0,0
-0.3,-0.17,-0.2;1,0,0,0
-0.3,-0.175,-0.2;1,0,0,0
-0.3,-0.18,-0.2;1,0,0,0
-0.3,-0.185,-0.2;1,0,0,0
-0.3,-0.19,-0.2;1,0,0,0
-0.3,-0.195,-0.2;1,0,0,0
-0.3,-0.2,-0.2;1,0,0,0
-0.295833,-0.2,-0.197222;1,0,0,0
-0.291667,-0.2,-0.194444;1,0,0,0
-0.2875,-0.2,-0.191667;1,0,0,0
-0.283333,-0.2,-0.188889;1,0,0,0
-0.279167,-0.2,-0.186111;1,0,0,0
-0.275,-0.2,-0.183333;1,0,0,0
-0.270833,-0.2,-0.180556;1,0,0,0
-0.266667,-0.2,-0.177778;1,0,0,0
-0.2625,-0.2,-0.175;1,0,0,0
-0.258333,-0.2,-0.172222;1,0,0,0
-0.254167,-0.2,-0.169444;1,0,0,0
-0.25,-0.2,-0.166667;1,0,0,0
-0.245833,-0.2,-0.163889;1,0,0,0
-0.241667,-0.2,-0.161111;1,0,0,0
-0.2375,-0.2,-0.158333;1,0,0,0
-0.233333,-0.2,-0.155556;1,0,0,0
-0.229167,-0.2,-0.152778;1,0,0,0
-0.225,-0.2,-0.15;1,0,0,0
-0.220833,-0.2,-0.147222;1,0,0,0
-0.216667,-0.2,-0.144444;1,0,0,0
-0.2125,-0.2,-0.141667;1,0,0,0
-0.208333,-0.2,-0.138889;1,0,0,0
-0.204167,-0.2,-0.136111;1,0,0,0
-0.2,-0.2,-0.133333;1,0,0,0
-0.195833,-0.2,-0.130556;1,0,0,0
-0.191667,-0.2,-0.127778;1,0,0,0
-0.1875,-0.2,-0.125;1,0,0,0
-0.183333,-0.2,-0.122222;1,0,0,0
-0.179167,-0.2,-0.119444;1,0,0,0
-0.175,-0.2,-0.116667;1,0,0,0
-0.170833,-0.2,-0.113889;1,0,0,0
-0.166667,-0.2,-0.111111;1,0,0,0
-0.1625,-0.2,-0.108333;1,0,0,0
-0.158333,-0.2,-0.105556;1,0,0,0
-0.154167,-0.2,-0.102778;1,0,0,0
-0.15,-0.2,-0.1;1,0,0,0
-0.145833,-0.2,-0.097222;1,0,0,0
-0.141667,-0.2,-0.094444;1,0,0,0
-0.1375,-0.2,-0.091667;1,0,0,0
-0.133333,-0.2,-0.088889;1,0,0,0
-0.129167,-0.2,-0.086111;1,0,0,0
-0.125,-0.2,-0.083333;1,0,0,0
-0.120833,-0.2,-0.080556;1,0,0,0
-0.116667,-0.2,-0.077778;1,0,0,0
-0.1125,-0.2,-0.075;1,0,0,0
-0.108333,-0.2,-0.072222;1,0,0,0
-0.104167,-0.2,-0.069444;1,0,0,0
-0.1,-0.2,-0.066667;1,0,0,0
-0.095833,-0.2,-0.063889;1,0,0,0
-0.091667,-0.2,-0.061111;1,0,0,0
-0.0875,-0.2,-0.058333;1,0,0,0
-0.083333,-0.2,-0.055556;1,0,0,0
-0.079167,-0.2,-0.052778;1,0,0,0
-0.075,-0.2,-0.05;1,0,0,0
-0.070833,-0.2,-0.047222;1,0,0,0
-0.066667,-0.2,-0.044444;1,0,0,0
-0.0625,-0.2,-0.041667;1,0,0,0
-0.058333,-0.2,-0.038889;1,0,0,0
-0.054167,-0.2,-0.036111;1,0,0,0
-0.05,-0.2,-0.033333;1,0,0,0
-0.045833,-0.2,-0.030556;1,0,0,0
-0.041667,-0.2,-0.027778;1,0,0,0
-0.0375,-0.2,-0.025;1,0,0,0
-0.033333,-0.2,-0.022222;1,0,0,0
-0.029167,-0.2,-0.019444;1,0,0,0
-0.025,-0.2,-0.016667;1,0,0,0
-0.020833,-0.2,-0.013889;1,0,0,0
-0.016667,-0.2,-0.011111;1,0,0,0
-0.0125,-0.2,-0.008333;1,0,0,0
-0.008333,-0.2,-0.005556;1,0,0,0
-0.004167,-0.2,-0.002778;1,0,0,0
0,-0.2,0;1,0,0,0
0,-0.195,0;1,0,0,0
0,-0.19,0;1,0,0,0
0,-0.185,0;1,0,0,0
0,-0.18,0;1,0,0,0
0,-0.175,0;1,0,0,0
0,-0.17,0;1,0,0,0
0,-0.165,0;1,0,0,0
0,-0.16,0;1,0,0,0
0,-0.155,0;1,0,0,0
0,-0.15,0;1,0,0,0
0,-0.145,0;1,0,0,0
0,-0.14,0;1,0,0,0
0,-0.135,0;1,0,0,0
0,-0.13,0;1,0,0,0
0,-0.125,0;1,0,0,0
0,-0.12,0;1,0,0,0
0,-0.115,0;1,0,0,0
0,-0.11,0;1,0,0,0
0,-0.105,0;1,0,0,0
0,-0.1,0;1,0,0,0
0,-0.095,0;1,0,0,0
0,-0.09,0;1,0,0,0
0,-0.085,0;1,0,0,0
0,-0.08,0;1,0,0,0
0,-0.075,0;1,0,0,0
0,-0.07,0;1,0,0,0
0,-0.065,0;1,0,0,0
0,-0.06,0;1,0,0,0
0,-0.055,0;1,0,0,0
0,-0.05,0;1,0,0,0
0,-0.045,0;1,0,0,0
0,-0.04,0;1,0,0,0
0,-0.035,0;1,0,0,0
0,-0.03,0;1,0,0,0
0,-0.025,0;1,0,0,0
0,-0.02,0;1,0,0,0
0,-0.015,0;1,0,0,0
0,-0.01,0;1,0,0,0
0,-0.005,0;1,0,0,0
0,0,0;1,0,0,0